0 0
1 1
2 1
3 0
4 1
5 1
6 0
7 1
8 1
9 1
10 1
11 1
12 1
13 1
14 0
15 1
16 0
17 1
18 0
19 0
20 0
21 0
22 1
23 0
24 1
25 1
26 0
27 0
28 0
29 0
30 0
31 1
32 1
33 0
34 1
35 0
36 1
37 1
38 1
39 1
40 0
41 0
42 0
43 0
44 1
45 0
46 1
47 0
48 1
49 1
50 0
51 1
52 1
53 0
54 0
55 1
56 0
57 0
58 0
59 0
60 0
61 0
62 1
63 1
64 1
65 0
66 1
67 1
68 1
69 0
70 1
71 0
72 0
73 1
74 1
75 1
76 1
77 1
78 1
79 1
80 0
81 1
82 1
83 0
84 1
85 1
86 1
87 0
88 1
89 1
90 1
91 1
92 1
93 1
94 1
95 0
96 0
97 1
98 1
99 1
100 0
101 0
102 1
103 0
104 0
105 0
106 1
107 0
108 0
109 0
110 0
111 0
112 1
113 1
114 1
115 0
116 0
117 0
118 0
119 0
120 0
121 0
122 1
123 0
124 0
125 0
126 1
127 1
128 1
129 0
130 1
131 1
132 0
133 0
134 1
135 1
136 1
137 1
138 1
139 0
140 0
141 1
142 1
143 0
144 1
145 1
146 0
147 0
148 1
149 0
150 1
151 0
152 1
153 0
154 1
155 0
156 1
157 0
158 0
159 1
160 0
161 1
162 1
163 0
164 0
165 0
166 1
167 0
168 1
169 0
170 1
171 0
172 1
173 1
174 0
175 0
176 0
177 1
178 1
179 1
180 0
181 0
182 0
183 0
184 0
185 0
186 1
187 1
188 1
189 1
190 1
191 1
192 1
193 1
194 1
195 1
196 0
197 0
198 0
199 1
200 0
201 1
202 0
203 1
204 0
205 0
206 1
207 0
208 0
209 1
210 0
211 0
212 1
213 1
214 0
215 1
216 1
217 1
218 0
219 1
220 0
221 1
222 0
223 0
224 0
225 1
226 0
227 0
228 0
229 1
230 1
231 1
232 0
233 1
234 1
235 1
236 1
237 0
238 1
239 1
240 1
241 1
242 0
243 0
244 0
245 1
246 0
247 1
248 1
249 0
250 1
251 0
252 1
253 0
254 1
255 0
256 0
257 1
258 1
259 1
260 1
261 1
262 1
263 0
264 1
265 0
266 1
267 1
268 1
269 0
270 0
271 0
272 1
273 0
274 1
275 0
276 1
277 0
278 0
279 1
280 1
281 0
282 0
283 0
284 0
285 0
286 1
287 0
288 0
289 0
290 1
291 0
292 0
293 1
294 1
295 0
296 1
297 1
298 1
299 1
300 1
301 1
302 1
303 0
304 1
305 1
306 0
307 0
308 1
309 1
310 1
311 1
312 1
313 1
314 0
315 1
316 0
317 1
318 1
319 1
320 0
321 1
322 1
323 1
324 0
325 0
326 0
327 1
328 1
329 0
330 1
331 0
332 1
333 0
334 1
335 1
336 1
337 1
338 1
339 1
340 1
341 1
342 1
343 0
344 1
345 0
346 0
347 1
348 1
349 1
350 0
351 0
352 0
353 0
354 0
355 1
356 0
357 0
358 0
359 1
360 1
361 1
362 1
363 0
364 1
365 1
366 1
367 1
368 1
369 1
370 1
371 0
372 0
373 1
374 0
375 1
376 1
377 0
378 1
379 1
380 1
381 1
382 0
383 1
384 1
385 0
386 0
387 1
388 0
389 1
390 1
391 0
392 0
393 0
394 0
395 0
396 0
397 0
398 1
399 0
400 1
401 0
402 0
403 1
404 0
405 0
406 1
407 0
408 0
409 1
410 0
411 1
412 1
413 1
414 1
415 0
416 1
417 1
418 1
419 1
420 1
421 0
422 1
423 0
424 1
425 0
426 1
427 1
428 0
429 1
430 0
431 0
432 1
433 1
434 1
435 0
436 0
437 1
438 0
439 1
440 1
441 1
442 1
443 1
444 0
445 1
446 1
447 1
448 0
449 0
450 1
451 1
452 1
453 0
454 1
455 1
456 0
457 1
458 0
459 0
460 0
461 1
462 0
463 0
464 1
465 1
466 0
467 1
468 0
469 1
470 0
471 1
472 1
473 0
474 0
475 0
476 1
477 1
478 0
479 0
480 0
481 1
482 1
483 0
484 1
485 1
486 1
487 1
488 1
489 0
490 1
491 1
492 0
493 0
494 0
495 0
496 1
497 0
498 1
499 1
500 1
501 0
502 1
503 1
504 0
505 0
506 0
507 0
508 0
509 1
510 1
511 0
512 0
513 1
514 0
515 1
516 0
517 0
518 0
519 0
520 0
521 0
522 1
523 0
524 0
525 0
526 0
527 0
528 0
529 0
530 1
531 1
532 0
533 0
534 1
535 0
536 1
537 1
538 1
539 0
540 1
541 1
542 0
543 0
544 1
545 0
546 1
547 0
548 1
549 0
550 0
551 1
552 1
553 1
554 1
555 0
556 0
557 1
558 1
559 0
560 0
561 1
562 0
563 1
564 1
565 0
566 0
567 1
568 0
569 0
570 1
571 0
572 0
573 1
574 0
575 0
576 0
577 1
578 1
579 0
580 1
581 1
582 0
583 1
584 0
585 1
586 1
587 0
588 1
589 1
590 1
591 1
592 0
593 1
594 0
595 1
596 1
597 0
598 0
599 0
600 1
601 1
602 1
603 0
604 0
605 1
606 0
607 1
608 1
609 0
610 0
611 1
612 0
613 0
614 1
615 0
616 0
617 1
618 1
619 0
620 0
621 0
622 1
623 1
624 1
625 1
626 0
627 0
628 1
629 0
630 1
631 1
632 0
633 0
634 0
635 0
636 1
637 1
638 0
639 0
640 0
641 1
642 1
643 0
644 0
645 1
646 1
647 0
648 0
649 0
650 1
651 1
652 0
653 0
654 1
655 0
656 0
657 0
658 1
659 0
660 1
661 0
662 0
663 1
664 1
665 1
666 0
667 0
668 0
669 0
670 0
671 1
672 0
673 0
674 1
675 1
676 0
677 1
678 0
679 1
680 0
681 1
682 1
683 1
684 1
685 0
686 1
687 0
688 0
689 0
690 1
691 1
692 1
693 0
694 1
695 0
696 0
697 0
698 1
699 0
700 1
701 1
702 0
703 0
704 0
705 0
706 0
707 0
708 1
709 0
710 1
711 0
712 0
713 1
714 0
715 1
716 0
717 0
718 0
719 0
720 1
721 1
722 1
723 1
724 0
725 1
726 1
727 0
728 1
729 1
730 1
731 1
732 1
733 0
734 0
735 1
736 0
737 1
738 1
739 1
740 0
741 1
742 1
743 0
744 0
745 0
746 1
747 1
748 1
749 1
750 0
751 1
752 0
753 1
754 1
755 0
756 0
757 1
758 1
759 1
760 1
761 0
762 1
763 0
764 0
765 0
766 0
767 1
768 0
769 0
770 0
771 1
772 0
773 0
774 0
775 1
776 1
777 1
778 1
779 0
780 1
781 0
782 0
783 1
784 1
785 0
786 0
787 0
788 1
789 1
790 0
791 1
792 1
793 1
794 0
795 1
796 1
797 0
798 1
799 1
800 1
801 1
802 0
803 1
804 1
805 1
806 1
807 1
808 0
809 0
810 0
811 0
812 1
813 0
814 1
815 0
816 0
817 1
818 0
819 0
820 0
821 1
822 0
823 1
824 0
825 1
826 1
827 1
828 1
829 0
830 1
831 1
832 1
833 1
834 0
835 1
836 0
837 0
838 1
839 0
840 0
841 1
842 1
843 0
844 1
845 0
846 0
847 1
848 0
849 1
850 0
851 1
852 0
853 1
854 0
855 0
856 1
857 0
858 1
859 1
860 0
861 1
862 1
863 0
864 1
865 1
866 0
867 0
868 0
869 0
870 0
871 0
872 1
873 1
874 0
875 1
876 1
877 0
878 1
879 0
880 0
881 1
882 0
883 0
884 0
885 1
886 0
887 1
888 1
889 0
890 1
891 1
892 0
893 0
894 0
895 0
896 1
897 0
898 0
899 0
900 0
901 0
902 0
903 1
904 0
905 0
906 1
907 1
908 0
909 0
910 1
911 0
912 1
913 0
914 0
915 0
916 1
917 1
918 0
919 0
920 0
921 0
922 0
923 1
924 1
925 0
926 0
927 0
928 0
929 1
930 0
931 0
932 0
933 0
934 0
935 1
936 0
937 1
938 0
939 0
940 1
941 0
942 1
943 1
944 1
945 0
946 1
947 1
948 0
949 0
950 1
951 0
952 1
953 0
954 1
955 0
956 0
957 0
958 1
959 1
960 1
961 0
962 1
963 0
964 0
965 1
966 0
967 1
968 1
969 1
970 1
971 1
972 0
973 1
974 1
975 0
976 1
977 0
978 0
979 1
980 1
981 1
982 0
983 0
984 1
985 1
986 1
987 1
988 1
989 1
990 1
991 0
992 1
993 0
994 0
995 1
996 1
997 0
998 0
999 1
